tree
version=v2
num_class=1
num_tree_per_iteration=1
label_index=0
max_feature_idx=12
objective=binary sigmoid:1
feature_names=Team Opp_Name Opp OFF1stD OFFPassY OFFRushY TOOFF DEFTotYd DEFRushY TODEF OffenseEP DefenseEP Sp_TmsEP
feature_infos=17:27:24:2:3:5:12:16:18:19:21:23:25:28 15:17:27:30:10:19:29:2:5:6:8:9:12:14:26 [3:59] [12:33] [106:445] [17:266] [0:4] [175:643] [31:269] [0:5] [-12.66:37.990000000000002] [-42.689999999999998:24.629999999999999] [-19.32:11.57]
tree_sizes=705 701 699 708 706 713 714 723 711 718 711 716 714 699 710 717 710 720 708 710 705 644 715 712 716 714 714 717 715 719 640 636 646 712 715 739 721 716 718 643 720 649 716 716 645 710 719 648 568 641 716 740 721 642 725 716 718 567 716 739 725 641 718 715 719 595 647 719 640 566 719 670 712 717 643 719 728 716 720 718 721 725 727 749 718 721 720 723 718 722 720 721 741 649 648 720 719 725 677 726 747 722 729

Tree=0
num_leaves=8
num_cat=0
split_feature=2 10 10 11 10 11 2
split_gain=357.472 149.778 130.996 45.0739 40.5094 39.4146 30.127
threshold=22.500000000000004 15.415000000000001 -6.2349999999999985 -20.584999999999997 0.73000000000000009 8.4850000000000012 18.500000000000004
decision_type=2 2 2 2 2 2 2
left_child=2 4 5 -3 -2 -1 -4
right_child=1 3 6 -5 -6 -7 -8
leaf_value=-0.31933862710157063 -0.36016701389543154 -0.21335245824986807 0.37167847229088796 0.29648876562646409 -0.15758814660799847 0.18665985644849337 0.16151288344845019
leaf_count=78 310 36 387 121 322 36 152
internal_value=0 -0.905927 1.0946 0.842433 -1.34025 -0.853227 1.50658
internal_count=1442 789 653 157 632 114 539
shrinkage=1


Tree=1
num_leaves=8
num_cat=0
split_feature=2 10 11 10 11 11 9
split_gain=246.99 126.133 79.8877 74.5097 26.4417 22.6589 13.3545
threshold=25.000000000000004 0.73000000000000009 6.1800000000000006 15.415000000000001 -9.9399999999999977 -20.584999999999997 2.5000000000000004
decision_type=2 2 2 2 2 2 2
left_child=1 2 -1 6 -3 -5 -2
right_child=3 4 -4 5 -6 -7 -8
leaf_value=-0.23685851568892491 -0.2846060336205179 0.033940428915765278 0.18979007230401782 -0.18176573147290356 0.2980806499566177 0.198301295280673 -0.032839652758831599
leaf_count=180 451 71 120 36 460 87 37
internal_value=0 0.7197 -0.33047 -0.973112 1.3119 0.431156 -1.3271
internal_count=1442 831 300 611 531 123 488
shrinkage=0.2


Tree=2
num_leaves=8
num_cat=0
split_feature=2 10 10 2 9 9 5
split_gain=172.75 107.772 49.9897 49.8673 34.8648 14.7349 5.73275
threshold=18.500000000000004 7.7900000000000009 -7.9999999999999991 30.500000000000004 2.5000000000000004 2.5000000000000004 107.00000000000001
decision_type=2 2 2 2 2 2 2
left_child=2 4 5 -3 -2 -1 -4
right_child=1 3 6 -5 -6 -7 -8
leaf_value=-0.30529591803497547 -0.24064432048471351 0.18639424059353088 0.18936510631938214 -0.1162725265988097 0.084540307071551871 0.21565540360039398 0.29670102370636475
leaf_count=37 538 240 126 147 61 12 281
internal_value=0 -0.478933 1.07006 0.35859 -1.03214 -0.88154 1.31571
internal_count=1442 986 456 387 599 49 407
shrinkage=0.2


Tree=3
num_leaves=8
num_cat=0
split_feature=2 10 10 11 11 10 5
split_gain=128.171 69.3836 49.2779 33.7083 31.6196 15.2379 3.82227
threshold=25.000000000000004 -3.6349999999999993 20.955000000000002 8.4850000000000012 -0.62999999999999989 2.0650000000000004 124.50000000000001
decision_type=2 2 2 2 2 2 2
left_child=1 3 5 -1 -3 -2 -4
right_child=2 4 6 -5 -6 -7 -8
leaf_value=-0.23137635910216772 -0.26099635967803153 0.075999248871446767 0.11031515256601776 0.1471915185498972 0.26700692569699996 -0.12012100227350955 0.33323401105298966
leaf_count=133 270 284 24 60 354 288 29
internal_value=0 0.54825 -0.733521 -0.555729 0.892048 -0.924306 1.16443
internal_count=1442 831 611 193 638 558 53
shrinkage=0.2


Tree=4
num_leaves=8
num_cat=0
split_feature=2 10 9 10 11 9 5
split_gain=90.5518 67.5456 33.0941 30.0641 26.6901 8.68848 5.2951
threshold=18.500000000000004 12.670000000000002 1.5000000000000002 -7.9999999999999991 -16.174999999999997 2.5000000000000004 107.00000000000001
decision_type=2 2 2 2 2 2 2
left_child=3 2 -2 5 -3 -1 -5
right_child=1 4 -4 6 -6 -7 -8
leaf_value=-0.25378510110330249 -0.19819202798228264 -0.049481040347607044 0.00136203384707443 0.14019304562435753 0.23321479729428529 0.16642102952656404 0.25190243793139327
leaf_count=37 523 97 218 126 148 12 281
internal_value=0 -0.351135 -0.686709 0.859203 0.596646 -0.736321 1.07531
internal_count=1442 986 741 456 245 49 407
shrinkage=0.2


Tree=5
num_leaves=8
num_cat=0
split_feature=2 10 10 11 11 11 11
split_gain=71.9623 38.8468 37.6619 23.2667 16.0014 15.4601 11.7931
threshold=23.500000000000004 0.73000000000000009 12.670000000000002 8.4850000000000012 -20.584999999999997 -0.62999999999999989 -9.9399999999999977
decision_type=2 2 2 2 2 2 2
left_child=1 3 5 -1 -4 -2 -3
right_child=2 6 4 -5 -6 -7 -8
leaf_value=-0.13066071531462681 -0.19252979061925835 -0.031923514989765929 -0.15036037809038019 0.15222186591278472 0.13153941726783888 0.0521869965857788 0.21160238283881225
leaf_count=165 469 38 47 91 144 58 430
internal_value=0 0.52032 -0.491358 -0.166233 0.299308 -0.822079 0.932212
internal_count=1442 724 718 256 191 527 468
shrinkage=0.2


Tree=6
num_leaves=8
num_cat=0
split_feature=11 10 10 11 12 9 10
split_gain=55.2921 62.2099 52.7713 27.6481 14.953 6.6115 4.83808
threshold=-0.62999999999999989 7.7900000000000009 -7.9999999999999991 -13.279999999999999 5.2100000000000009 2.5000000000000004 0.73000000000000009
decision_type=2 2 2 2 2 2 2
left_child=1 4 5 -3 -1 -2 -4
right_child=2 3 6 -5 -6 -7 -8
leaf_value=-0.22952058404259712 -0.24204249151689849 -0.071136338420501932 0.13731385119800985 0.16116882908669145 -0.039579451709407874 0.021259593918263507 0.24528993332353682
leaf_count=376 74 171 136 232 128 25 300
internal_value=0 -0.330455 0.635041 0.291723 -0.911984 -0.844971 1.0288
internal_count=1442 907 535 403 504 99 436
shrinkage=0.2


Tree=7
num_leaves=8
num_cat=0
split_feature=5 9 11 10 6 10 12
split_gain=45.2359 22.3347 20.8116 20.2132 18.7673 17.1375 5.5457
threshold=110.00000000000001 1.0000000180025095e-35 -6.964999999999999 12.670000000000002 1.0000000180025095e-35 -7.9999999999999991 -0.084999999999999992
decision_type=2 2 2 2 2 2 2
left_child=1 6 3 -2 -3 -4 -1
right_child=2 4 5 -5 -6 -7 -8
leaf_value=-0.27733275321798517 -0.14240591891149534 0.13443924268767976 -0.1646040308527979 0.11911260212568671 -0.076962326749491564 0.19472115447125554 -0.12708795832239903
leaf_count=117 131 122 33 118 397 410 114
internal_value=0 -0.399516 0.461154 -0.0471397 -0.128075 0.818455 -1.02887
internal_count=1442 750 692 249 519 443 231
shrinkage=0.2


Tree=8
num_leaves=8
num_cat=0
split_feature=8 10 2 10 9 2 10
split_gain=38.9796 22.1954 17.4706 24.6079 16.8875 7.43398 6.74693
threshold=110.50000000000001 -7.9999999999999991 28.500000000000004 6.6450000000000005 1.0000000180025095e-35 15.000000000000002 20.955000000000002
decision_type=2 2 2 2 2 2 2
left_child=1 5 3 -2 -3 -1 -4
right_child=2 4 6 -5 -6 -7 -8
leaf_value=0.11147637944338418 -0.10680374376983569 -0.030310001161753749 -0.20080379792620931 0.1396018172210213 0.15834893253235324 -0.23606254256921033 0.095645491606341462
leaf_count=16 267 149 266 149 509 71 15
internal_value=0 0.407197 -0.408798 -0.099602 0.56559 -0.78018 -0.895204
internal_count=1442 745 697 416 658 87 281
shrinkage=0.2


Tree=9
num_leaves=8
num_cat=0
split_feature=11 10 10 12 12 9 12
split_gain=31.3492 37.9321 25.5822 24.2964 5.63646 5.48321 4.69536
threshold=-0.62999999999999989 3.0900000000000003 -7.9999999999999991 -5.4799999999999995 -8.7899999999999974 2.5000000000000004 6.0100000000000007
decision_type=2 2 2 2 2 2 2
left_child=1 6 5 -3 -4 -2 -1
right_child=2 3 4 -5 -6 -7 -8
leaf_value=-0.22974736979772678 -0.19719904080204109 -0.23797286576353782 -0.036761629934821093 0.057159631909207177 0.18845075908101611 0.052779677856695517 -0.087967158750443086
leaf_count=284 74 67 35 468 401 25 88
internal_value=0 -0.262284 0.535505 0.0954273 0.847117 -0.581425 -0.972484
internal_count=1442 907 535 535 436 99 372
shrinkage=0.2


Tree=10
num_leaves=8
num_cat=0
split_feature=11 10 10 12 11 12 5
split_gain=27.1751 35.5579 21.685 21.5287 20.5166 9.0242 2.80671
threshold=-11.924999999999999 0.73000000000000009 20.955000000000002 1.0900000000000003 8.4850000000000012 5.2100000000000009 141.50000000000003
decision_type=2 2 2 2 2 2 2
left_child=2 4 5 -3 -2 -1 -4
right_child=1 3 6 -5 -6 -7 -8
leaf_value=-0.20674774903335519 -0.13749079949992138 0.069312949905482119 0.083557685831803438 0.29475422597439843 0.13589310217659947 -0.023406703885936679 0.30647068379449027
leaf_count=258 324 467 28 156 95 95 19
internal_value=0 0.23565 -0.543895 0.641307 -0.357694 -0.786997 0.847008
internal_count=1442 1042 400 623 419 353 47
shrinkage=0.2


Tree=11
num_leaves=8
num_cat=0
split_feature=9 10 11 10 2 12 4
split_gain=23.8795 19.347 20.2477 9.91589 6.33025 5.32677 2.54713
threshold=1.0000000180025095e-35 -7.9999999999999991 -2.3099999999999996 20.955000000000002 13.500000000000002 -2.3549999999999995 330.50000000000006
decision_type=2 2 2 2 2 2 2
left_child=3 4 -3 5 -2 -1 -5
right_child=1 2 -4 6 -6 -7 -8
leaf_value=-0.23902789856728379 0.14206534689236702 0.0034131626095029797 0.16614977681073925 0.31934851731637443 -0.1837617722042274 -0.096672723275429473 0.03446282639987594
leaf_count=101 17 442 444 13 149 259 17
internal_value=0 0.211464 0.357548 -0.561113 -0.696287 -0.697962 0.753363
internal_count=1442 1052 886 390 166 360 30
shrinkage=0.2


Tree=12
num_leaves=8
num_cat=0
split_feature=5 9 11 12 12 12 8
split_gain=20.2173 11.3723 9.78423 9.48412 9.28698 6.00231 2.55761
threshold=107.00000000000001 2.5000000000000004 -20.584999999999997 -0.084999999999999992 -5.4799999999999995 4.7300000000000013 143.50000000000003
decision_type=2 2 2 2 2 2 2
left_child=1 3 6 -1 -4 -3 -2
right_child=2 5 4 -5 -6 -7 -8
leaf_value=-0.16654201081103803 -0.02849886928845094 0.036875272703641458 -0.053481334395661988 -0.031475838835014869 0.1159695947929807 0.36125935233398643 -0.26084007957357924
leaf_count=270 20 75 127 350 555 16 29
internal_value=0 -0.316503 0.330565 -0.457082 0.425723 0.503161 -0.757032
internal_count=1442 711 731 620 682 91 49
shrinkage=0.2


Tree=13
num_leaves=8
num_cat=0
split_feature=10 11 11 12 10 9 10
split_gain=19.0905 18.6285 17.7443 18.6088 10.4276 8.75388 7.72901
threshold=3.0900000000000003 8.4850000000000012 -16.174999999999997 2.9950000000000006 20.955000000000002 2.5000000000000004 -11.565
decision_type=2 2 2 2 2 2 2
left_child=1 5 4 -4 -2 -1 -3
right_child=2 6 3 -5 -6 -7 -8
leaf_value=-0.15412866588645963 -0.14686992944994043 -0.085726727694060589 0.05912475114920112 0.31923122201277759 0.1375981489639431 0.052894818738776272 0.22819704004941085
leaf_count=489 134 23 521 95 34 52 94
internal_value=0 -0.379984 0.264935 0.501563 -0.406814 -0.613545 0.643218
internal_count=1442 658 784 616 168 541 117
shrinkage=0.2


Tree=14
num_leaves=8
num_cat=0
split_feature=10 11 6 12 2 8 11
split_gain=17.3313 21.6462 17.4248 16.8478 12.9064 9.72456 2.46519
threshold=12.670000000000002 -2.3099999999999996 2.5000000000000004 3.7650000000000001 30.500000000000004 98.500000000000014 -17.944999999999997
decision_type=2 2 2 2 2 2 2
left_child=1 3 -3 -1 6 -6 -2
right_child=4 2 -4 -5 5 -7 -8
leaf_value=-0.18149219279911796 0.037847448927858164 0.1127988389124433 -0.14217607307130661 0.020827538413897277 0.17014852697223978 -0.14131593427823838 0.20123636997294786
leaf_count=374 21 406 98 198 32 64 249
internal_value=0 -0.189464 0.260084 -0.555346 0.507042 -0.172665 0.894256
internal_count=1442 1076 504 572 366 96 270
shrinkage=0.2


Tree=15
num_leaves=8
num_cat=0
split_feature=10 11 12 12 11 6 12
split_gain=14.5562 16.7503 14.4307 11.1307 9.08437 4.07326 3.88243
threshold=-3.6349999999999993 -8.9599999999999991 -0.40499999999999997 5.2100000000000009 8.4850000000000012 2.5000000000000004 3.7650000000000001
decision_type=2 2 2 2 2 2 2
left_child=4 3 -3 -2 6 -6 -1
right_child=1 2 -4 -5 5 -7 -8
leaf_value=-0.23809955646121464 -0.091260551619550601 0.020111594338071231 0.19952945798572799 0.11398434636689921 0.19337362400131106 -0.08081160488535194 -0.087244912425247539
leaf_count=179 337 390 271 80 39 22 124
internal_value=0 0.150181 0.47175 -0.232882 -0.563363 0.326786 -0.845276
internal_count=1442 1078 661 417 364 61 303
shrinkage=0.2


Tree=16
num_leaves=8
num_cat=0
split_feature=10 11 12 10 2 8 5
split_gain=14.0093 16.139 13.3962 8.692 6.22745 5.30607 1.00169
threshold=15.415000000000001 -0.62999999999999989 5.2100000000000009 0.73000000000000009 28.500000000000004 98.500000000000014 97.000000000000014
decision_type=2 2 2 2 2 2 2
left_child=1 2 -1 -3 6 -6 -2
right_child=4 3 -4 -5 5 -7 -8
leaf_value=-0.12590284182314193 0.1292645517740971 -0.00075584339320845361 0.05759873294975798 0.17830256833869057 0.17685742502213722 -0.059798231388561746 0.23171862100703711
leaf_count=546 39 235 158 228 34 56 146
internal_value=0 -0.147114 -0.404127 0.327096 0.574697 0.132019 0.991643
internal_count=1442 1167 704 463 275 90 185
shrinkage=0.2


Tree=17
num_leaves=8
num_cat=0
split_feature=10 11 11 12 12 5 12
split_gain=12.4556 13.1414 11.3299 10.0862 10.0612 9.26491 5.90202
threshold=6.6450000000000005 1.4350000000000003 -8.9599999999999991 5.2100000000000009 -5.4799999999999995 97.000000000000014 -3.9599999999999995
decision_type=2 2 2 2 2 2 2
left_child=1 3 5 -1 -4 -2 -3
right_child=2 6 4 -5 -6 -7 -8
leaf_value=-0.17265618126063512 -0.12429182906105132 -0.10057484514054976 -0.018806641128903859 0.014720669415772171 0.22839513016909507 0.065271506072261412 0.099856500576142454
leaf_count=387 104 67 96 134 252 174 228
internal_value=0 -0.261948 0.297967 -0.565744 0.761935 -0.0276048 0.250108
internal_count=1442 816 626 521 348 278 295
shrinkage=0.2


Tree=18
num_leaves=8
num_cat=0
split_feature=8 12 10 9 10 2 5
split_gain=10.5839 10.8657 8.98233 6.21626 7.42907 6.2095 3.93101
threshold=128.50000000000003 -5.4799999999999995 -3.6349999999999993 1.5000000000000002 -1.2299999999999998 13.500000000000002 124.50000000000001
decision_type=2 2 2 2 2 2 2
left_child=1 5 -3 6 -5 -1 -2
right_child=3 2 -4 4 -6 -7 -8
leaf_value=0.21343419898882776 -0.164593879575061 -0.063481138063486084 0.10054901615473966 -0.14122341302776048 0.12575264356063975 -0.15003509246472646 -0.016207626581881292
leaf_count=40 262 179 623 53 91 111 83
internal_value=0 0.190344 0.339778 -0.3631 0.119791 -0.527197 -0.608613
internal_count=1442 953 802 489 144 151 345
shrinkage=0.2


Tree=19
num_leaves=8
num_cat=0
split_feature=9 2 10 10 12 5 3
split_gain=9.84488 8.71738 10.0236 5.07139 4.3699 2.80524 0.190403
threshold=1.0000000180025095e-35 35.000000000000007 7.7900000000000009 1.2800000000000002 -1.8799999999999997 141.50000000000003 17.500000000000004
decision_type=2 2 2 2 2 2 2
left_child=3 2 -2 6 -5 -3 -1
right_child=1 5 -4 4 -6 -7 -8
leaf_value=-0.23721298519201245 -0.0011402704397802 -0.20576015541968018 0.1292085780193605 -0.1424037172125984 0.011748411017857801 0.097230292002338098 -0.17936091767718965
leaf_count=83 565 82 391 89 149 14 69
internal_value=0 0.157944 0.242835 -0.41724 -0.225808 -0.783809 -1.06455
internal_count=1442 1052 956 390 238 96 152
shrinkage=0.2


Tree=20
num_leaves=8
num_cat=0
split_feature=11 10 12 10 12 7 12
split_gain=8.68019 10.4424 13.6442 5.25859 4.31766 3.48992 0.999228
threshold=6.1800000000000006 -1.2299999999999998 -5.4799999999999995 -11.565 5.2100000000000009 281.50000000000006 -3.9599999999999995
decision_type=2 2 2 2 2 2 2
left_child=1 4 -3 5 -1 -2 -5
right_child=3 2 -4 6 -6 -7 -8
leaf_value=-0.19885907036537057 -0.22612079642143806 -0.16622228331075228 0.040339735707094967 0.11715907558383626 -0.028638083568812641 0.0985427168378466 0.22060625863374694
leaf_count=250 16 106 707 96 97 17 153
internal_value=0 -0.0993834 0.0460342 0.598041 -0.67258 -0.259023 0.892878
internal_count=1442 1160 813 282 347 33 249
shrinkage=0.2


Tree=21
num_leaves=7
num_cat=0
split_feature=10 11 12 12 2 11
split_gain=8.06903 11.7948 12.405 3.29597 1.65904 0.532109
threshold=20.955000000000002 -16.174999999999997 3.7650000000000001 5.2100000000000009 37.500000000000007 -18.304999999999996
decision_type=2 2 2 2 2 2
left_child=1 3 -3 -1 5 -2
right_child=4 2 -4 -5 -6 -7
leaf_value=-0.20266774939838472 0.13334593606154962 -0.024405429633911291 0.13532844112644934 -0.045323069321959092 0.0082597901653138871 0.23213070116348053
leaf_count=156 19 866 238 63 13 87
internal_value=0 -0.0716628 0.0669002 -0.723573 0.792998 0.980591
internal_count=1442 1323 1104 219 119 106
shrinkage=0.2


Tree=22
num_leaves=8
num_cat=0
split_feature=8 12 10 10 3 11 7
split_gain=7.6096 7.46079 7.11191 5.76994 5.38907 7.57891 1.04756
threshold=116.50000000000001 -0.084999999999999992 11.470000000000001 -7.9999999999999991 14.500000000000002 2.6000000000000005 339.50000000000006
decision_type=2 2 2 2 2 2 2
left_child=1 2 -1 -3 6 -6 -2
right_child=4 3 -4 -5 5 -7 -8
leaf_value=-0.086225281593329595 -0.33897886454086595 -0.084901917959438647 0.082812705633071429 0.13963902055474528 -0.058853285811350756 0.16772907634844036 -0.16806701245981412
leaf_count=264 25 66 179 304 458 73 73
internal_value=0 0.207337 -0.0850623 0.534647 -0.262121 -0.154931 -1.0733
internal_count=1442 813 443 370 629 531 98
shrinkage=0.2


Tree=23
num_leaves=8
num_cat=0
split_feature=11 10 6 12 5 12 10
split_gain=7.63361 9.6085 8.0255 7.81399 6.02663 4.94283 4.09143
threshold=-2.3099999999999996 12.670000000000002 2.5000000000000004 2.5300000000000007 110.00000000000001 -5.4799999999999995 -1.2299999999999998
decision_type=2 2 2 2 2 2 2
left_child=1 3 6 -1 -4 -3 -2
right_child=2 5 4 -5 -6 -7 -8
leaf_value=-0.15669276598547849 0.032462382996912856 -0.10726899161512177 -0.23506631198029646 -0.0077109214399296412 0.05535035322889334 0.092706846910718385 0.165078386461319
leaf_count=319 164 34 57 253 43 205 367
internal_value=0 -0.17759 0.314261 -0.424147 -0.419194 0.266844 0.536239
internal_count=1442 811 631 572 100 239 531
shrinkage=0.2


Tree=24
num_leaves=8
num_cat=0
split_feature=11 12 10 10 10 12 11
split_gain=7.13412 7.50991 10.8299 7.2175 6.06885 5.15475 2.6319
threshold=-10.769999999999998 4.0450000000000008 6.6450000000000005 17.025000000000002 -6.2349999999999985 2.9950000000000006 -20.584999999999997
decision_type=2 2 2 2 2 2 2
left_child=3 2 -2 5 -3 -1 -5
right_child=1 4 -4 6 -6 -7 -8
leaf_value=-0.19802313854820039 -0.056280246220489043 -0.0086204351545239692 0.10642440641056823 -0.05735849504404749 0.25153779033752272 -0.039171245794189263 0.11845889872347173
leaf_count=190 479 56 355 32 101 162 67
internal_value=0 0.173222 0.0314713 -0.31091 0.797756 -0.571992 0.271444
internal_count=1442 991 834 451 157 352 99
shrinkage=0.2


Tree=25
num_leaves=8
num_cat=0
split_feature=9 10 11 11 3 2 8
split_gain=6.79352 6.36269 7.63566 4.4183 3.45814 3.31462 1.19838
threshold=2.5000000000000004 0.73000000000000009 -6.964999999999999 1.4350000000000003 14.500000000000002 25.000000000000004 116.50000000000001
decision_type=2 2 2 2 2 2 2
left_child=1 3 -3 -1 6 -6 -2
right_child=4 2 -4 -5 5 -7 -8
leaf_value=-0.16423926393373489 0.051492832766507228 -0.037316528330199689 0.094929939137276376 -0.010602022228424934 0.20679107638947572 0.036239954879673117 -0.19067616395796952
leaf_count=318 12 394 356 138 165 46 13
internal_value=0 -0.104933 0.0499639 -0.490463 0.505379 0.672913 -0.432634
internal_count=1442 1206 750 456 236 211 25
shrinkage=0.2


Tree=26
num_leaves=8
num_cat=0
split_feature=12 11 10 10 11 10 3
split_gain=5.4985 7.85895 7.82972 7.63582 6.34905 2.56309 0.995888
threshold=-3.4699999999999993 -20.584999999999997 6.6450000000000005 20.955000000000002 8.4850000000000012 19.290000000000003 29.500000000000004
decision_type=2 2 2 2 2 2 2
left_child=3 5 -3 4 -1 -2 -5
right_child=1 2 -4 6 -6 -7 -8
leaf_value=-0.15788090658860893 -0.21159322079481294 -0.0036857399328636348 0.12254673240549632 0.24342120427866831 0.1138841480271307 0.0028436652787855107 0.053985283971979797
leaf_count=217 94 625 350 40 77 18 21
internal_value=0 0.119934 0.221058 -0.368038 -0.577038 -0.709992 0.823982
internal_count=1442 1087 975 355 294 112 61
shrinkage=0.2


Tree=27
num_leaves=8
num_cat=0
split_feature=11 10 12 10 12 4 4
split_gain=5.04677 6.31602 8.81029 2.85472 2.4354 2.2364 0.706363
threshold=6.1800000000000006 -6.2349999999999985 5.2100000000000009 -6.2349999999999985 1.0000000180025095e-35 270.50000000000006 330.50000000000006
decision_type=2 2 2 2 2 2 2
left_child=1 5 -3 4 -2 -1 -5
right_child=3 2 -4 6 -6 -7 -8
leaf_value=-0.20474317924169061 -0.097569694203889779 -0.029385599172055757 0.1277180163460111 0.20814682844882451 0.12166671973995823 0.11077660264699181 0.01728274376077361
leaf_count=204 29 810 126 204 30 20 19
internal_value=0 -0.0806154 -0.00318279 0.518161 0.100281 -0.857273 0.938435
internal_count=1442 1160 936 282 59 224 223
shrinkage=0.2


Tree=28
num_leaves=8
num_cat=0
split_feature=11 10 12 6 12 3 12
split_gain=5.005 6.88037 8.26544 6.61138 4.45642 4.34397 3.64976
threshold=-5.9799999999999995 10.630000000000001 2.9950000000000006 2.5000000000000004 -0.084999999999999992 16.500000000000004 -8.7899999999999974
decision_type=2 2 2 2 2 2 2
left_child=1 2 -1 6 -3 -5 -2
right_child=3 4 -4 5 -6 -7 -8
leaf_value=-0.21724348065449606 -0.095874975286698888 -0.0428880326407695 -0.01250021363771766 -0.29343673323125419 0.10751022687214484 -0.017041652980400473 0.09924170361796511
leaf_count=222 42 134 187 39 121 95 602
internal_value=0 -0.191925 -0.519545 0.21949 0.138515 -0.440583 0.400623
internal_count=1442 664 409 778 255 134 644
shrinkage=0.2


Tree=29
num_leaves=8
num_cat=0
split_feature=11 12 10 5 10 10 2
split_gain=4.94654 5.98198 8.46313 4.83818 4.63675 3.27083 0.925876
threshold=-16.174999999999997 -2.3549999999999995 6.6450000000000005 97.000000000000014 15.415000000000001 19.290000000000003 30.500000000000004
decision_type=2 2 2 2 2 2 2
left_child=3 4 -3 6 -2 -5 -1
right_child=1 2 -4 5 -6 -7 -8
leaf_value=-0.12092160317914209 -0.092446560764968211 0.0068714089896650902 0.16737002508237814 -0.077729580636024309 0.089568799396697873 0.1291709892411087 -0.24993567668596062
leaf_count=32 298 530 254 100 107 31 90
internal_value=0 0.100525 0.282059 -0.418267 -0.253017 -0.042877 -0.981259
internal_count=1442 1189 784 253 405 131 122
shrinkage=0.2


Tree=30
num_leaves=7
num_cat=0
split_feature=2 12 4 5 10 4
split_gain=4.30174 5.23843 6.67894 4.8589 2.31673 1.17162
threshold=35.000000000000007 5.2100000000000009 270.50000000000006 110.00000000000001 20.955000000000002 361.50000000000006
decision_type=2 2 2 2 2 2
left_child=1 3 -3 -1 5 -2
right_child=4 2 -4 -5 -6 -7
leaf_value=-0.056160440455416454 -0.23130283241317234 0.033244562774481692 0.29662643556392032 0.040177715008086062 0.022099037430771129 -0.03499166351746557
leaf_count=533 140 142 33 558 18 18
internal_value=0 0.0593188 0.529221 -0.0487407 -0.626093 -0.939092
internal_count=1442 1266 175 1091 176 158
shrinkage=0.2


Tree=31
num_leaves=7
num_cat=0
split_feature=11 10 11 12 10 12
split_gain=4.41843 5.22442 5.18456 3.62961 2.46902 0.255608
threshold=8.4850000000000012 3.0900000000000003 -5.8149999999999986 -8.7899999999999974 -11.565 -6.7049999999999992
decision_type=2 2 2 2 2 2
left_child=1 3 -3 -1 -2 -6
right_child=4 2 -4 -5 5 -7
leaf_value=-0.38145649167796075 -0.0039918267873792187 -0.013338029903252575 0.11386670758366207 -0.061307175802168781 0.14048062018604751 0.22644199524099828
leaf_count=15 23 416 265 526 45 152
internal_value=0 -0.0652664 0.102173 -0.372583 0.624271 0.998935
internal_count=1442 1222 681 541 220 197
shrinkage=0.2


Tree=32
num_leaves=7
num_cat=0
split_feature=9 12 11 10 8 7
split_gain=3.98706 3.87256 3.29758 2.85999 2.61984 0.199392
threshold=1.0000000180025095e-35 11.280000000000003 -2.3099999999999996 1.2800000000000002 98.500000000000014 281.50000000000006
decision_type=2 2 2 2 2 2
left_child=3 2 -2 5 -5 -1
right_child=1 -3 -4 4 -6 -7
leaf_value=-0.12824591277864586 -0.020324410578858195 0.25933803601331856 0.063536204381707886 0.044674775344304814 -0.088231108813348405 -0.22379367871902153
leaf_count=26 497 21 534 88 150 126
internal_value=0 0.115597 0.0744481 -0.313958 -0.17519 -1.00911
internal_count=1442 1052 1031 390 238 152
shrinkage=0.2


Tree=33
num_leaves=8
num_cat=0
split_feature=12 8 10 9 10 11 8
split_gain=3.95789 4.53049 3.8512 3.33081 3.31616 3.11974 1.04225
threshold=-5.4799999999999995 110.50000000000001 6.6450000000000005 2.5000000000000004 20.955000000000002 6.1800000000000006 105.50000000000001
decision_type=2 2 2 2 2 2 2
left_child=4 3 -3 -2 5 -1 -6
right_child=1 2 -4 -5 6 -7 -8
leaf_value=-0.17777576985513918 0.038533874169820376 -0.074253209066172207 0.041633218851414265 0.19065080039801452 0.23593478435449211 0.049003579492818639 -0.054067933136859453
leaf_count=100 501 413 212 120 21 63 12
internal_value=0 0.0792654 -0.134962 0.310284 -0.456806 -0.63615 0.68376
internal_count=1442 1246 625 621 196 163 33
shrinkage=0.2


Tree=34
num_leaves=8
num_cat=0
split_feature=11 10 12 10 5 7 6
split_gain=3.60154 4.7096 6.51188 3.92127 2.96744 1.70045 1.61841
threshold=-11.924999999999999 15.415000000000001 -2.3549999999999995 12.670000000000002 97.000000000000014 420.00000000000006 1.5000000000000002
decision_type=2 2 2 2 2 2 2
left_child=3 2 -2 5 -5 -1 -3
right_child=1 6 -4 4 -6 -7 -8
leaf_value=-0.21893472056894853 -0.081074930720868535 0.23372596468794671 0.05232579063649824 -0.1048936590540489 0.06689215785774974 -0.079165986549662365 -0.033026119248972634
leaf_count=122 282 153 591 44 89 145 16
internal_value=0 0.122899 0.0440275 -0.275956 0.0403139 -0.653803 0.940741
internal_count=1442 1042 873 400 133 267 169
shrinkage=0.2


Tree=35
num_leaves=8
num_cat=1
split_feature=1 5 11 12 10 6 11
split_gain=3.07065 3.59367 3.4386 2.06373 2.00641 1.73073 1.71878
threshold=0 173.50000000000003 -0.62999999999999989 2.9950000000000006 15.415000000000001 1.5000000000000002 -17.944999999999997
decision_type=5 2 2 2 2 2 2
left_child=3 2 -2 4 -1 -3 -5
right_child=1 5 -4 6 -6 -7 -8
leaf_value=-0.15688443113118117 -0.021201030102253392 0.20279601536844508 0.07193319298964776 -0.22063121409628833 0.012108667101802433 -0.024301671219044335 0.084751697688989394
leaf_count=165 654 114 375 17 48 26 43
internal_value=0 0.0901907 0.034737 -0.274735 -0.5864 0.755129 0.150527
internal_count=1442 1169 1029 273 213 140 60
cat_boundaries=0 1
cat_threshold=537432100
shrinkage=0.2


Tree=36
num_leaves=8
num_cat=0
split_feature=10 11 12 11 7 4 12
split_gain=3.23223 4.01879 4.99273 2.08009 1.53615 0.874991 0.00376619
threshold=-7.9999999999999991 8.4850000000000012 -0.084999999999999992 6.1800000000000006 244.00000000000003 280.50000000000006 -8.7899999999999974
decision_type=2 2 2 2 2 2 2
left_child=3 2 -2 5 -5 -1 -3
right_child=1 6 -4 4 -6 -7 -8
leaf_value=-0.21789395147121901 -0.047320117093469477 0.22417212490445806 0.048690508671857466 -0.16757236612442628 0.054495762663749919 0.049113637633742394 0.20930866357601144
leaf_count=179 504 19 514 14 29 13 170
internal_value=0 0.0617977 0.017623 -0.510181 -0.0878871 -0.9545 1.06374
internal_count=1442 1207 1018 235 43 192 189
shrinkage=0.2


Tree=37
num_leaves=8
num_cat=0
split_feature=11 12 10 4 8 10 10
split_gain=3.01728 4.40523 4.51692 4.19459 1.97882 2.72217 0.0642633
threshold=-20.584999999999997 5.2100000000000009 15.415000000000001 270.50000000000006 143.50000000000003 19.290000000000003 15.415000000000001
decision_type=2 2 2 2 2 2 2
left_child=4 2 -2 -3 5 -1 -6
right_child=1 3 -4 -5 6 -7 -8
leaf_value=-0.18809937960152645 -0.033177770637277282 0.037193689759784869 0.094965732851798879 0.25442969754864814 -0.2151573946035665 0.090977772021786765 -0.27337901454352237
leaf_count=37 916 143 228 34 54 17 13
internal_value=0 0.0525655 -0.0513222 0.514567 -0.565548 -0.213126 -1.21536
internal_count=1442 1321 1144 177 121 54 67
shrinkage=0.2


Tree=38
num_leaves=8
num_cat=0
split_feature=11 10 10 2 12 12 11
split_gain=3.25224 3.98311 3.72075 3.73099 3.64027 3.14529 3.07131
threshold=-8.9599999999999991 0.73000000000000009 10.630000000000001 22.500000000000004 6.0100000000000007 -8.7899999999999974 17.830000000000002
decision_type=2 2 2 2 2 2 2
left_child=2 6 4 -4 -1 -3 -2
right_child=1 5 3 -5 -6 -7 -8
leaf_value=-0.18811385822904791 -0.045804910760166857 -0.089759102589364884 0.29737598518205849 -0.013200349612358157 -0.002638770080915385 0.10196501402184555 0.22515908183033029
leaf_count=238 351 45 19 189 86 489 25
internal_value=0 0.151978 -0.216014 0.0438212 -0.564431 0.391217 -0.13617
internal_count=1442 910 532 208 324 534 376
shrinkage=0.2


Tree=39
num_leaves=7
num_cat=0
split_feature=10 2 12 7 8 8
split_gain=2.64032 3.68256 3.52137 0.646393 0.0647476 0.00893432
threshold=26.210000000000004 35.000000000000007 -0.084999999999999992 486.50000000000006 116.50000000000001 87.000000000000014
decision_type=2 2 2 2 2 2
left_child=1 2 -1 -3 5 -2
right_child=4 3 -4 -5 -6 -7
leaf_value=-0.037610775264005858 0.22563075208121536 -0.20636504621693721 0.042824714425942038 -0.079302775858462876 0.16423587029752665 0.25636082758097539
leaf_count=608 21 120 618 48 13 14
internal_value=0 -0.0261725 0.0277432 -0.752388 1.08324 1.19579
internal_count=1442 1394 1226 168 48 35
shrinkage=0.2


Tree=40
num_leaves=8
num_cat=0
split_feature=11 10 7 10 12 12 11
split_gain=2.55302 4.15332 3.81833 3.36439 4.46175 3.05782 2.72858
threshold=-5.9799999999999995 -3.6349999999999993 291.00000000000006 7.7900000000000009 6.0100000000000007 -1.8799999999999997 17.830000000000002
decision_type=2 2 2 2 2 2 2
left_child=3 6 -3 4 -1 -5 -2
right_child=1 2 -4 5 -6 -7 -8
leaf_value=-0.18588704323354141 -0.079957158615332452 -0.026613027010550284 0.12457780688789329 -0.080550131089347499 0.018216005422487906 0.050426023276742039 0.21004045276405001
leaf_count=263 210 251 301 107 85 209 16
internal_value=0 0.169932 0.380754 -0.157287 -0.507876 0.035194 -0.261155
internal_count=1442 778 552 664 348 316 226
shrinkage=0.2


Tree=41
num_leaves=7
num_cat=0
split_feature=11 10 12 12 10 6
split_gain=2.65584 3.2609 4.46826 3.66371 2.60284 2.06627
threshold=-16.174999999999997 12.670000000000002 2.9950000000000006 -5.4799999999999995 26.210000000000004 1.0000000180025095e-35
decision_type=2 2 2 2 2 2
left_child=4 2 -2 -3 5 -1
right_child=1 3 -4 -5 -6 -7
leaf_value=-0.0079234207534109573 -0.039754303970482754 -0.02397924280714761 0.072787787001296331 0.19782045775219911 0.20366061942020031 -0.15290033904192157
leaf_count=60 659 71 261 198 15 178
internal_value=0 0.0795744 -0.0119574 0.547936 -0.352987 -0.461757
internal_count=1442 1189 920 269 253 238
shrinkage=0.2


Tree=42
num_leaves=8
num_cat=0
split_feature=11 10 12 11 10 12 9
split_gain=2.72034 4.13067 3.8772 2.91802 2.77496 3.1751 1.30116
threshold=-0.62999999999999989 7.7900000000000009 0.29000000000000009 -10.769999999999998 -7.9999999999999991 -8.7899999999999974 2.5000000000000004
decision_type=2 2 2 2 2 2 2
left_child=1 2 -1 -3 6 -6 -2
right_child=4 3 -4 -5 5 -7 -8
leaf_value=-0.19833536782285283 -0.13205614870153992 -0.019179728650329606 -0.033579574607290628 0.10000648748986429 -0.11368099686729545 0.12232182685555326 0.037780622517520977
leaf_count=186 74 219 318 184 35 401 25
internal_value=0 -0.112095 -0.397195 0.112184 0.26463 0.45677 -0.265272
internal_count=1442 907 504 403 535 436 99
shrinkage=0.2


Tree=43
num_leaves=8
num_cat=0
split_feature=11 10 12 10 9 4 4
split_gain=2.01253 3.55516 3.39043 1.60169 1.4886 1.28759 0.60609
threshold=6.1800000000000006 -6.2349999999999985 -5.4799999999999995 -6.2349999999999985 3.5000000000000004 270.50000000000006 330.50000000000006
decision_type=2 2 2 2 2 2 2
left_child=1 5 -3 4 -2 -1 -5
right_child=3 2 -4 6 -6 -7 -8
leaf_value=-0.19818292546211716 -0.03605657762897433 -0.10107651371450502 0.019330063368518599 0.20116427178023377 0.20444911070964294 0.057280887049325303 -0.0094212831975685231
leaf_count=204 46 111 825 204 13 20 19
internal_value=0 -0.0556905 0.00546278 0.406672 0.0747418 -0.793286 0.85802
internal_count=1442 1160 936 282 59 224 223
shrinkage=0.2


Tree=44
num_leaves=7
num_cat=0
split_feature=5 11 10 10 12 12
split_gain=2.03095 2.19049 2.56039 2.26993 0.964369 0.134491
threshold=217.00000000000003 -13.279999999999999 3.0900000000000003 12.670000000000002 -6.7049999999999992 2.5300000000000007
decision_type=2 2 2 2 2 2
left_child=1 3 -3 -1 -2 -6
right_child=4 2 -4 -5 5 -7
leaf_value=-0.14442959154300442 -0.064466984210518871 -0.026781557028734755 0.053041805629788635 -0.0097818213892680861 0.19991904726773188 0.30757252307758859
leaf_count=220 14 529 512 110 44 13
internal_value=0 -0.025744 0.0663139 -0.303777 0.910831 1.23945
internal_count=1442 1371 1041 330 71 57
shrinkage=0.2


Tree=45
num_leaves=8
num_cat=0
split_feature=12 2 4 6 9 10 5
split_gain=2.34593 2.51511 3.04931 2.47857 2.8881 2.40694 0.107974
threshold=5.2100000000000009 35.000000000000007 270.50000000000006 1.5000000000000002 3.5000000000000004 20.955000000000002 102.00000000000001
decision_type=2 2 2 2 2 2 2
left_child=3 2 -2 5 -5 -1 -3
right_child=1 6 -4 4 -6 -7 -8
leaf_value=-0.0060666653979562684 0.031293365026229765 -0.2282278137055358 0.22294872139958266 -0.088179538623739603 0.18482583708367056 0.13639519419279961 -0.093358402975104976
leaf_count=669 142 27 33 429 22 107 13
internal_value=0 0.329023 0.439611 -0.082687 -0.344922 0.0536811 -0.98614
internal_count=1442 215 175 1227 451 776 40
shrinkage=0.2


Tree=46
num_leaves=8
num_cat=0
split_feature=11 10 12 6 3 4 7
split_gain=2.4001 3.84148 3.42226 3.0046 2.54797 1.9795 0.932724
threshold=-2.3099999999999996 0.73000000000000009 2.5300000000000007 1.0000000180025095e-35 26.500000000000004 171.50000000000003 412.50000000000006
decision_type=2 2 2 2 2 2 2
left_child=1 6 -3 5 -5 -2 -1
right_child=3 2 -4 4 -6 -7 -8
leaf_value=-0.21585170766629524 0.010851458693879523 -0.041490975989869394 0.072647234620438123 0.00043938040725387723 0.23715653943902648 0.28785828179618095 -0.062698913070611914
leaf_count=169 45 385 163 423 42 121 94
internal_value=0 -0.124551 -0.0236529 0.225419 0.0925719 0.969558 -0.81477
internal_count=1442 811 548 631 465 166 263
shrinkage=0.2


Tree=47
num_leaves=7
num_cat=0
split_feature=9 12 5 10 2 7
split_gain=1.97842 2.39124 2.08517 1.72333 1.63915 0.271902
threshold=1.0000000180025095e-35 11.280000000000003 107.00000000000001 1.2800000000000002 25.000000000000004 281.50000000000006
decision_type=2 2 2 2 2 2
left_child=3 2 -2 5 -5 -1
right_child=1 -3 -4 4 -6 -7
leaf_value=-0.090338525762191146 -0.027222962166669112 0.22109444511631474 0.047826739070745215 0.036170045318734932 -0.080817366232818488 -0.22655951486747461
leaf_count=26 477 21 554 105 133 126
internal_value=0 0.0929199 0.054517 -0.253968 -0.144378 -0.954692
internal_count=1442 1052 1031 390 238 152
shrinkage=0.2


Tree=48
num_leaves=6
num_cat=0
split_feature=8 12 11 4 12
split_gain=1.83945 1.90381 2.12183 1.91495 0.0700133
threshold=253.50000000000003 5.2100000000000009 -5.8149999999999986 270.50000000000006 4.7300000000000013
decision_type=2 2 2 2 2
left_child=1 2 -1 -3 -2
right_child=4 3 -4 -5 -6
leaf_value=-0.047717041581838274 -0.16845475615653052 0.020778230229604511 0.023951418870350755 0.17414886741091329 -0.26331184279740277
leaf_count=513 15 163 696 41 14
internal_value=0 0.0189099 -0.0549862 0.334563 -1.15046
internal_count=1442 1413 1209 204 29
shrinkage=0.2


Tree=49
num_leaves=7
num_cat=0
split_feature=10 11 10 7 8 12
split_gain=1.68386 2.3932 2.75919 2.51546 0.0973849 0.0037512
threshold=26.210000000000004 -17.944999999999997 12.670000000000002 420.00000000000006 116.50000000000001 -3.4699999999999993
decision_type=2 2 2 2 2 2
left_child=1 3 -3 -1 5 -2
right_child=4 2 -4 -5 -6 -7
leaf_value=-0.23108014662550747 0.23785065429550958 -0.0093019103818049852 0.0953564829667225 -0.020414938458185688 0.12532834956979377 0.21127282382697549
leaf_count=54 22 966 251 123 13 13
internal_value=0 -0.0208916 0.0430603 -0.483826 0.998801 1.15715
internal_count=1442 1394 1217 177 48 35
shrinkage=0.2


Tree=50
num_leaves=8
num_cat=0
split_feature=12 8 4 11 7 11 11
split_gain=1.97788 2.62756 2.59072 1.77412 1.44423 4.90715 2.30874
threshold=-5.4799999999999995 110.50000000000001 251.00000000000003 -5.9799999999999995 291.00000000000006 2.6000000000000005 8.4850000000000012
decision_type=2 2 2 2 2 2 2
left_child=4 3 -3 -2 6 -6 -1
right_child=1 2 -4 -5 5 -7 -8
leaf_value=-0.24331878599638249 0.0088402387907526424 -0.077597809975448878 0.029871599060973055 0.10157936118371746 -0.084070897633265196 0.37222714762435427 0.06359802427024816
leaf_count=49 227 379 246 394 74 25 48
internal_value=0 0.0663423 -0.120965 0.269886 -0.364587 -0.0951334 -0.790043
internal_count=1442 1246 625 621 196 99 97
shrinkage=0.2


Tree=51
num_leaves=8
num_cat=1
split_feature=1 5 12 5 10 9 11
split_gain=1.65038 3.10029 2.35234 3.18881 1.8668 1.80448 1.41844
threshold=0 124.50000000000001 5.2100000000000009 113.00000000000001 -1.2299999999999998 1.0000000180025095e-35 -6.964999999999999
decision_type=5 2 2 2 2 2 2
left_child=2 4 5 -4 -2 -1 -3
right_child=1 6 3 -5 -6 -7 -8
leaf_value=-0.22296662529227615 -0.081054861361067085 0.024231313749687181 0.22713665473696781 -0.18741196375797906 0.012647901601088519 -0.059526822344922417 0.12844499453231367
leaf_count=62 284 136 22 16 455 172 295
internal_value=0 0.0773352 -0.212223 0.421009 -0.0653171 -0.522078 0.40361
internal_count=1442 1170 272 38 739 234 431
cat_boundaries=0 1
cat_threshold=692260
shrinkage=0.2


Tree=52
num_leaves=8
num_cat=0
split_feature=10 11 12 12 8 2 7
split_gain=1.68091 2.26348 2.54317 2.42075 2.15215 1.46779 1.02621
threshold=15.415000000000001 -9.9399999999999977 -3.4699999999999993 2.9950000000000006 98.500000000000014 35.000000000000007 420.00000000000006
decision_type=2 2 2 2 2 2 2
left_child=1 3 -3 -1 6 -6 -2
right_child=4 2 -4 -5 5 -7 -8
leaf_value=-0.16360925480113528 0.096810508363381051 -0.066978348568353954 0.037451257929803521 -0.012868354326997448 0.046285941015078963 -0.13602483387178407 0.27425187279493729
leaf_count=193 108 212 592 170 115 24 28
internal_value=0 -0.0706076 0.044101 -0.376861 0.299143 -0.00909162 0.758666
internal_count=1442 1167 804 363 275 139 136
shrinkage=0.2


Tree=53
num_leaves=7
num_cat=0
split_feature=3 2 9 12 2 3
split_gain=1.44947 2.56489 1.77344 2.19801 1.02491 1.01489
threshold=14.500000000000002 13.500000000000002 2.5000000000000004 -0.084999999999999992 25.000000000000004 13.500000000000002
decision_type=2 2 2 2 2 2
left_child=1 -1 3 -2 -4 -3
right_child=2 5 4 -5 -6 -7
leaf_value=0.18473128940395539 -0.043671548145968436 -0.07353031364850536 0.14158297534446382 0.032109523758470031 0.018496105431252439 -0.25363754540067301
leaf_count=20 552 103 165 520 46 36
internal_value=0 -0.465272 0.0396896 -0.0262959 0.412495 -0.764516
internal_count=1442 159 1283 1072 211 139
shrinkage=0.2


Tree=54
num_leaves=8
num_cat=0
split_feature=10 11 11 12 12 8 10
split_gain=1.59545 2.78969 2.55697 2.11141 2.10894 1.53145 0.591649
threshold=3.0900000000000003 1.0000000180025095e-35 -2.3099999999999996 3.7650000000000001 -0.084999999999999992 116.50000000000001 11.470000000000001
decision_type=2 2 2 2 2 2 2
left_child=2 4 5 -4 -2 -1 -3
right_child=1 6 3 -5 -6 -7 -8
leaf_value=-0.017002908797336114 -0.034314118006033421 0.24524935187909871 -0.03364276739416007 0.11320218167022505 0.053618378975165616 -0.1854534009947349 0.069153024025599058
leaf_count=93 273 117 263 73 276 229 118
internal_value=0 0.114767 -0.179259 0.0138361 0.0448761 -0.616613 0.959296
internal_count=1442 784 658 336 549 322 235
shrinkage=0.2


Tree=55
num_leaves=8
num_cat=0
split_feature=10 11 7 11 4 4 5
split_gain=1.51353 2.49629 1.66344 1.58363 0.937494 0.240775 0.0024515
threshold=-7.9999999999999991 8.4850000000000012 268.50000000000006 6.1800000000000006 176.50000000000003 280.50000000000006 97.000000000000014
decision_type=2 2 2 2 2 2 2
left_child=3 2 -2 5 -5 -1 -3
right_child=1 6 -4 4 -6 -7 -8
leaf_value=-0.2176081275518231 -0.11138380386706644 0.21992147714259361 0.011008743156416296 0.089081681899631462 -0.095557461176822123 -0.06169025499072589 0.20688481054867802
leaf_count=179 93 40 925 23 20 13 149
internal_value=0 0.0466498 0.0109784 -0.425654 -0.0402116 -0.971479 1.06375
internal_count=1442 1207 1018 235 43 192 189
shrinkage=0.2


Tree=56
num_leaves=8
num_cat=0
split_feature=11 10 12 12 10 12 5
split_gain=1.44711 2.30116 2.5233 2.3404 1.92633 1.36396 0.888822
threshold=-16.174999999999997 11.470000000000001 -3.4699999999999993 2.9950000000000006 19.290000000000003 5.2100000000000009 122.00000000000001
decision_type=2 2 2 2 2 2 2
left_child=4 3 -3 -2 5 -1 -6
right_child=1 2 -4 -5 6 -7 -8
leaf_value=-0.1892275419763042 -0.038740142927030888 0.011888363916455211 0.19105220609350604 0.053601135826200179 -0.030606658482077345 -0.034056149542669077 0.13895009825340168
leaf_count=145 624 138 169 258 22 63 23
internal_value=0 0.0665208 0.442826 -0.0332891 -0.288454 -0.564472 0.205335
internal_count=1442 1189 307 882 253 208 45
shrinkage=0.2


Tree=57
num_leaves=6
num_cat=0
split_feature=8 10 11 3 12
split_gain=1.37965 1.30794 2.04635 1.25661 0.0697302
threshold=253.50000000000003 20.955000000000002 -17.944999999999997 27.500000000000004 4.7300000000000013
decision_type=2 2 2 2 2
left_child=1 2 -1 -3 -2
right_child=4 3 -4 -5 -6
leaf_value=-0.11709386448064561 -0.15338305292500815 0.21216274013557085 0.0064577263756581448 0.016713760149767953 -0.26211384375178282
leaf_count=146 15 59 1150 58 14
internal_value=0 0.016542 -0.0213166 0.489244 -1.13025
internal_count=1442 1413 1296 117 29
shrinkage=0.2


Tree=58
num_leaves=8
num_cat=0
split_feature=11 10 11 3 3 12 11
split_gain=1.25267 2.04859 1.74374 1.57753 0.166412 0.234029 0.00445015
threshold=17.830000000000002 -7.9999999999999991 -5.8149999999999986 21.500000000000004 19.500000000000004 -3.4699999999999993 21.425000000000001
decision_type=2 2 2 2 2 2 2
left_child=1 3 -3 -1 6 -6 -2
right_child=4 2 -4 -5 5 -7 -8
leaf_value=-0.15195190643462381 0.24201205089555133 -0.020898946056743459 0.044946009955931142 0.16221338983715658 0.20644175046323365 -0.15157728383878427 0.21334295446961105
leaf_count=213 13 584 572 13 20 12 15
internal_value=0 -0.0176346 0.0335186 -0.572571 0.968794 0.321947 1.16507
internal_count=1442 1382 1156 226 60 32 28
shrinkage=0.2


Tree=59
num_leaves=8
num_cat=1
split_feature=1 2 11 10 7 6 4
split_gain=1.24393 1.98042 1.44084 2.66428 1.32692 0.946695 0.00981343
threshold=0 35.000000000000007 8.4850000000000012 -1.2299999999999998 394.00000000000006 2.5000000000000004 238.00000000000003
decision_type=5 2 2 2 2 2 2
left_child=1 4 3 -2 -1 -4 -3
right_child=2 6 5 -5 -6 -7 -8
leaf_value=0.034353651709760784 -0.11425161464316563 -0.1688692225073381 0.19301119083485008 -0.0029037121332360053 0.16487963925233759 0.0046787659028450571 -0.2467006061429968
leaf_count=178 319 12 150 679 67 23 14
internal_value=0 0.19733 -0.0680915 -0.12339 0.434591 0.479462 -1.19832
internal_count=1442 271 1171 998 245 173 26
cat_boundaries=0 1
cat_threshold=1073760064
shrinkage=0.2


Tree=60
num_leaves=8
num_cat=0
split_feature=12 10 11 11 10 11 8
split_gain=1.32108 1.89946 3.69335 2.65704 1.11289 1.44818 0.625888
threshold=-5.4799999999999995 7.7900000000000009 -9.9399999999999977 -0.62999999999999989 20.955000000000002 -5.8149999999999986 105.50000000000001
decision_type=2 2 2 2 2 2 2
left_child=4 3 -3 -2 5 -1 -6
right_child=1 2 -4 -5 6 -7 -8
leaf_value=-0.21595627106901105 -0.061626142560324004 0.0085169460781285428 0.18730446619293342 0.048121647496153254 0.22076837518422354 -0.040874903445564603 -0.056072380274793734
leaf_count=37 478 211 245 312 21 126 12
internal_value=0 0.0580834 0.277676 -0.0850781 -0.317858 -0.436075 0.533456
internal_count=1442 1246 456 790 196 163 33
shrinkage=0.2


Tree=61
num_leaves=7
num_cat=0
split_feature=5 12 11 3 12 12
split_gain=1.21963 1.31352 1.8479 1.38414 0.635379 0.0433046
threshold=217.00000000000003 5.2100000000000009 -20.584999999999997 16.500000000000004 -6.7049999999999992 2.5300000000000007
decision_type=2 2 2 2 2 2
left_child=1 3 -3 -1 -2 -6
right_child=4 2 -4 -5 5 -7
leaf_value=-0.10077000983681601 -0.070713515727838835 -0.14696296152926167 0.077518463440109098 -0.0057490943368274632 0.19820046482061593 0.27091695621367795
leaf_count=211 14 38 172 950 44 13
internal_value=0 -0.0200639 0.253618 -0.0903188 0.847352 1.166
internal_count=1442 1371 210 1161 71 57
shrinkage=0.2


Tree=62
num_leaves=8
num_cat=0
split_feature=10 11 12 10 2 5 11
split_gain=1.06227 2.07548 3.72741 2.17355 2.03457 1.615 1.41896
threshold=12.670000000000002 -5.8149999999999986 2.5300000000000007 -3.6349999999999993 30.500000000000004 154.50000000000003 -10.769999999999998
decision_type=2 2 2 2 2 2 2
left_child=1 2 -1 -3 6 -6 -2
right_child=4 3 -4 -5 5 -7 -8
leaf_value=-0.16071149503698728 0.053534366421318313 -0.055280445791916204 0.0094421707683855702 0.057017609949542192 -0.074439902991487117 0.13747021254387845 0.22177637797864116
leaf_count=245 67 225 215 391 72 24 203
internal_value=0 -0.0716231 -0.313179 0.0941981 0.212454 -0.141712 0.538004
internal_count=1442 1076 460 616 366 96 270
shrinkage=0.2


Tree=63
num_leaves=8
num_cat=0
split_feature=12 10 11 11 7 11 2
split_gain=1.14049 1.3667 2.85949 2.0413 1.15985 3.49174 1.24665
threshold=-5.4799999999999995 7.7900000000000009 -9.9399999999999977 -0.62999999999999989 291.00000000000006 2.6000000000000005 15.000000000000002
decision_type=2 2 2 2 2 2 2
left_child=4 3 -3 -2 6 -6 -1
right_child=1 2 -4 -5 5 -7 -8
leaf_value=0.2050140327960242 -0.053185433172759512 0.0092704546488505003 0.176439443375216 0.044632439360436829 -0.066501706828049886 0.36508506184530309 -0.18091318549524626
leaf_count=41 478 211 245 312 74 25 56
internal_value=0 0.0556389 0.250045 -0.0665276 -0.304139 -0.0402737 -0.726633
internal_count=1442 1246 456 790 196 99 97
shrinkage=0.2


Tree=64
num_leaves=8
num_cat=0
split_feature=12 2 10 5 11 10 4
split_gain=1.09329 2.50438 2.15382 1.47202 1.77875 1.63258 0.323073
threshold=-0.084999999999999992 35.000000000000007 10.630000000000001 110.00000000000001 -5.8149999999999986 12.670000000000002 162.00000000000003
decision_type=2 2 2 2 2 2 2
left_child=3 2 -2 5 -5 -1 -3
right_child=1 6 -4 4 -6 -7 -8
leaf_value=-0.12092964135866846 0.011474513231010675 0.051919432315503826 0.13660681754705956 -0.067068407504223701 0.068331734976363467 0.021239706052808307 -0.21495684653162894
leaf_count=260 481 24 148 117 264 68 80
internal_value=0 0.119452 0.184714 -0.137355 0.0703808 -0.368081 -0.945889
internal_count=1442 733 629 709 381 328 104
shrinkage=0.2


Tree=65
num_leaves=6
num_cat=1
split_feature=12 1 5 6 5
split_gain=1.05582 1.37534 2.00977 1.24762 1.11137
threshold=11.280000000000003 0 124.50000000000001 1.0000000180025095e-35 217.00000000000003
decision_type=2 5 2 2 2
left_child=1 4 -3 -2 -1
right_child=3 2 -4 -5 -6
leaf_value=-0.097138178968100036 0.27606404526463263 -0.013801863211108829 0.070212512043869829 -0.010770792434492929 0.25317473900019533
leaf_count=252 13 729 422 14 12
internal_value=0 -0.0241862 0.0585694 0.647842 -0.234164
internal_count=1442 1415 1151 27 264
cat_boundaries=0 1
cat_threshold=134909956
shrinkage=0.2


Tree=66
num_leaves=7
num_cat=0
split_feature=10 11 10 7 8 12
split_gain=0.973586 1.41581 1.59002 1.53124 0.0527462 0.000634614
threshold=26.210000000000004 -17.944999999999997 15.415000000000001 420.00000000000006 116.50000000000001 -3.4699999999999993
decision_type=2 2 2 2 2 2
left_child=1 3 -3 -1 5 -2
right_child=4 2 -4 -5 -6 -7
leaf_value=-0.20530414108009093 0.22274439828803605 -0.0038173516517682644 0.10413825473002863 -0.017070756777850353 0.12164007343511717 0.20903758798725863
leaf_count=54 22 1038 179 123 13 13
internal_value=0 -0.0149214 0.0391227 -0.422731 0.952501 1.09739
internal_count=1442 1394 1217 177 48 35
shrinkage=0.2


Tree=67
num_leaves=8
num_cat=0
split_feature=12 10 11 11 10 5 12
split_gain=1.03916 1.53799 1.9425 1.3013 2.66827 1.38892 0.558665
threshold=-3.4699999999999993 20.955000000000002 -10.769999999999998 -16.174999999999997 12.670000000000002 97.000000000000014 -8.7899999999999974
decision_type=2 2 2 2 2 2 2
left_child=1 2 -1 5 -5 -2 -3
right_child=3 6 -4 4 -6 -7 -8
leaf_value=-0.26624369646177848 -0.14607055901922472 -0.058318838922464755 -0.039546482429461925 0.015754250889233337 0.20952957915732143 0.006528102042567244 0.18995652416049405
leaf_count=43 112 12 251 713 151 111 49
internal_value=0 -0.224878 -0.341517 0.0719068 0.155867 -0.243493 0.624455
internal_count=1442 355 294 1087 864 223 61
shrinkage=0.2


Tree=68
num_leaves=7
num_cat=0
split_feature=11 10 12 10 7 5
split_gain=0.936471 1.79264 1.40057 1.18904 0.261424 0.210523
threshold=8.4850000000000012 -7.9999999999999991 -0.084999999999999992 -11.565 420.00000000000006 173.50000000000003
decision_type=2 2 2 2 2 2
left_child=1 4 -3 -2 -1 -5
right_child=3 2 -4 5 -6 -7
leaf_value=-0.19021646034765655 -0.012896768730673379 -0.03312041355533598 0.030231114066535083 0.21292920775323942 -0.011291560362808789 0.045536335569772074
leaf_count=163 23 504 514 147 41 50
internal_value=0 -0.0337536 0.00466425 0.428301 -0.826324 0.937401
internal_count=1442 1222 1018 220 204 197
shrinkage=0.2


Tree=69
num_leaves=6
num_cat=0
split_feature=8 12 6 4 12
split_gain=0.919628 1.05883 1.2914 0.970405 0.0663978
threshold=253.50000000000003 5.2100000000000009 1.5000000000000002 270.50000000000006 2.9950000000000006
decision_type=2 2 2 2 2
left_child=1 2 -1 -3 -2
right_child=4 3 -4 -5 -6
leaf_value=0.013495512876145858 -0.12971097221631422 0.017278008453626627 -0.054064264409560185 0.1376003720970059 -0.25369188953232924
leaf_count=764 12 163 445 41 17
internal_value=0 0.0142431 -0.0511473 0.274851 -1.06955
internal_count=1442 1413 1209 204 29
shrinkage=0.2


Tree=70
num_leaves=8
num_cat=0
split_feature=11 10 12 5 10 12 8
split_gain=0.957016 1.89706 3.02755 2.41915 1.66206 2.07375 1.21527
threshold=-6.964999999999999 -1.2299999999999998 -0.40499999999999997 132.00000000000003 17.025000000000002 2.9950000000000006 98.500000000000014
decision_type=2 2 2 2 2 2 2
left_child=4 3 -3 -2 5 -1 -6
right_child=1 2 -4 -5 6 -7 -8
leaf_value=-0.12021030120582239 -0.076637373068928816 0.0070637626651049064 0.17313950728086869 0.1341056296358146 0.16629651204498005 0.0037551440662985779 -0.0023562192074328939
leaf_count=284 245 321 207 53 47 210 75
internal_value=0 0.116694 0.315212 -0.171114 -0.131087 -0.273029 0.267447
internal_count=1442 826 528 298 616 494 122
shrinkage=0.2


Tree=71
num_leaves=7
num_cat=1
split_feature=11 10 0 11 5 6
split_gain=0.893042 1.49487 1.33491 1.20082 0.64559 0.57606
threshold=6.1800000000000006 3.0900000000000003 0 -9.9399999999999977 51.500000000000007 3.5000000000000004
decision_type=2 2 5 2 2 2
left_child=1 3 -3 -1 -2 -6
right_child=4 2 -4 -5 5 -7
leaf_value=-0.17335734315561421 -0.1110234602104273 -0.040980624596501092 0.029544105089118717 -0.032641731450508943 0.12921081655896269 -0.014783462451399233
leaf_count=188 12 104 548 320 254 16
internal_value=0 -0.0408383 0.0765663 -0.272977 0.350934 0.460404
internal_count=1442 1160 652 508 282 270
cat_boundaries=0 1
cat_threshold=134483980
shrinkage=0.2


Tree=72
num_leaves=8
num_cat=0
split_feature=11 12 5 3 8 7 10
split_gain=0.93 1.14614 2.33785 1.36713 0.931908 1.0318 0.00897769
threshold=-20.584999999999997 6.0100000000000007 113.00000000000001 16.500000000000004 143.50000000000003 420.00000000000006 15.415000000000001
decision_type=2 2 2 2 2 2 2
left_child=4 3 -3 -2 5 -1 -6
right_child=1 2 -4 -5 6 -7 -8
leaf_value=-0.21823428714258106 -0.090717204753435629 0.14179141366498235 -0.077955412932464538 0.0081411278752429646 -0.20818363190965267 0.03239312027014303 -0.24198496976493963
leaf_count=18 210 91 51 969 54 36 13
internal_value=0 0.0348974 0.362435 -0.027716 -0.423859 -0.153629 -1.14256
internal_count=1442 1321 142 1179 121 54 67
shrinkage=0.2


Tree=73
num_leaves=8
num_cat=0
split_feature=11 10 11 3 3 12 7
split_gain=0.791766 0.925599 1.15007 0.972097 0.163073 0.160201 0.00143966
threshold=17.830000000000002 -7.9999999999999991 8.4850000000000012 21.500000000000004 19.500000000000004 -3.4699999999999993 244.00000000000003
decision_type=2 2 2 2 2 2 2
left_child=1 3 -3 -1 6 -6 -2
right_child=4 2 -4 -5 5 -7 -8
leaf_value=-0.1278870865521485 0.20912246424998049 -5.8132450202811437e-06 0.21303213876336236 0.13525797811859033 0.20341645578628925 -0.16924500702066941 0.22935444298691099
leaf_count=213 14 1018 138 13 20 12 14
internal_value=0 -0.015959 0.0201098 -0.449502 0.913263 0.0716804 1.1213
internal_count=1442 1382 1156 226 60 32 28
shrinkage=0.2


Tree=74
num_leaves=7
num_cat=0
split_feature=12 7 11 10 10 11
split_gain=0.833646 1.69583 1.34301 2.30338 1.62982 1.24878
threshold=-8.7899999999999974 312.50000000000006 -0.62999999999999989 2.0650000000000004 7.7900000000000009 8.4850000000000012
decision_type=2 2 2 2 2 2
left_child=1 5 4 -4 -2 -1
right_child=2 -3 3 -5 -6 -7
leaf_value=-0.29497934415999322 -0.054656165276578753 0.041782787999102823 0.020466972632047303 0.22388632645903128 0.025673700895642818 0.083956564656058497
leaf_count=24 494 23 255 244 384 18
internal_value=0 -0.434006 0.0313723 0.287475 -0.0631969 -1.0717
internal_count=1442 65 1377 499 878 42
shrinkage=0.2


Tree=75
num_leaves=8
num_cat=0
split_feature=11 7 7 10 10 7 5
split_gain=0.846671 1.5307 1.81218 1.28748 1.20056 1.63797 0.774328
threshold=-13.279999999999999 347.50000000000006 333.50000000000006 -6.2349999999999985 12.670000000000002 448.00000000000006 97.000000000000014
decision_type=2 2 2 2 2 2 2
left_child=4 2 -2 -3 5 -1 -6
right_child=1 3 -4 -5 6 -7 -8
leaf_value=-0.23580401973529749 -0.0033440795675631855 -0.12379515732798108 -0.18044559997159723 0.061976290823978625 -0.08373315969079137 -0.0070787277374318898 0.04154584476610057
leaf_count=129 587 83 79 354 40 92 78
internal_value=0 0.066873 -0.125063 0.245485 -0.215017 -0.607277 0.00368234
internal_count=1442 1103 666 437 339 221 118
shrinkage=0.2


Tree=76
num_leaves=8
num_cat=0
split_feature=12 11 10 10 11 10 12
split_gain=0.833108 1.06934 1.24495 0.975115 1.16766 0.735051 0.465284
threshold=-2.3549999999999995 -20.584999999999997 5.3750000000000009 20.955000000000002 -1.0000000180025095e-35 19.290000000000003 -8.7899999999999974
decision_type=2 2 2 2 2 2 2
left_child=3 5 -3 4 -1 -2 -5
right_child=1 2 -4 6 -6 -7 -8
leaf_value=-0.098105009290523085 -0.1736347368628739 -0.0039538998347757801 0.070978049602293411 -0.056616447416324545 0.015778281596799532 -0.0034092623084761701 0.17917397934914037
leaf_count=186 90 537 352 12 195 17 53
internal_value=0 0.0752 0.128687 -0.189369 -0.268176 -0.410591 0.549585
internal_count=1442 996 889 446 381 107 65
shrinkage=0.2


Tree=77
num_leaves=8
num_cat=0
split_feature=11 10 7 5 12 10 5
split_gain=0.88008 1.31951 2.61612 1.56552 1.18704 2.13133 1.50194
threshold=-5.8149999999999986 -1.2299999999999998 291.00000000000006 132.00000000000003 6.0100000000000007 10.630000000000001 141.50000000000003
decision_type=2 2 2 2 2 2 2
left_child=4 3 -3 -2 5 -1 -6
right_child=1 2 -4 -5 6 -7 -8
leaf_value=-0.11665509048333773 -0.059719039651820377 -0.067100052479238323 0.11763380765246674 0.11657441731966728 0.095760767559715021 0.0057390581460257991 -0.17187559217698661
leaf_count=322 235 219 263 52 98 237 16
internal_value=0 0.128305 0.326207 -0.115576 -0.120203 -0.223412 0.266163
internal_count=1442 769 482 287 673 559 114
shrinkage=0.2


Tree=78
num_leaves=8
num_cat=0
split_feature=12 9 11 11 10 10 10
split_gain=0.791514 1.00092 1.11558 0.865413 2.39285 1.40209 0.397162
threshold=5.2100000000000009 1.5000000000000002 -20.584999999999997 2.6000000000000005 -1.2299999999999998 -3.6349999999999993 3.0900000000000003
decision_type=2 2 2 2 2 2 2
left_child=3 2 -2 4 -1 -5 -3
right_child=1 6 -4 5 -6 -7 -8
leaf_value=-0.1988784062072754 -0.20838183599441773 0.0872353401772019 0.031250299261185013 -0.033297801873803733 -0.010999944183782322 0.11794564478797426 0.22608713742144834
leaf_count=211 35 44 109 106 638 272 27
internal_value=0 0.234202 0.00988476 -0.0608994 -0.134421 0.201558 0.625639
internal_count=1442 215 144 1227 849 378 71
shrinkage=0.2


Tree=79
num_leaves=8
num_cat=0
split_feature=12 8 4 12 8 11 10
split_gain=0.837702 1.11801 1.54132 0.914378 0.719199 1.75108 0.819517
threshold=-6.004999999999999 110.50000000000001 251.00000000000003 11.280000000000003 110.50000000000001 -8.9599999999999991 11.470000000000001
decision_type=2 2 2 2 2 2 2
left_child=4 3 -3 -2 6 -6 -1
right_child=1 2 -4 -5 5 -7 -8
leaf_value=-0.18173586237947575 0.034665180861111498 -0.069965358026974248 0.029597876248381678 0.27511972709423022 -0.25050830324791779 0.14641495946209737 -0.025701984061955209
leaf_count=54 625 383 250 12 15 49 54
internal_value=0 0.0478708 -0.0987944 0.207592 -0.309851 0.172544 -0.506356
internal_count=1442 1270 633 637 172 64 108
shrinkage=0.2


Tree=80
num_leaves=8
num_cat=0
split_feature=11 10 12 4 4 7 3
split_gain=0.815783 1.02204 0.941716 0.601354 0.691647 0.308379 0.10198
threshold=8.4850000000000012 -7.9999999999999991 -0.084999999999999992 247.00000000000003 176.50000000000003 420.00000000000006 24.500000000000004
decision_type=2 2 2 2 2 2 2
left_child=1 5 -3 4 -2 -1 -5
right_child=3 2 -4 6 -6 -7 -8
leaf_value=-0.18314329179881933 0.15539238688259105 -0.030723516181490725 0.024808761726901322 0.19411917355299502 -0.037577366520697056 0.038222625240955488 0.34721823138626001
leaf_count=163 73 504 514 42 90 41 15
internal_value=0 -0.0343854 -0.00622331 0.448483 0.247599 -0.746168 1.24536
internal_count=1442 1222 1018 220 163 204 57
shrinkage=0.2


Tree=81
num_leaves=8
num_cat=0
split_feature=11 6 10 3 4 2 8
split_gain=0.829092 1.72445 1.44205 1.23976 1.20361 1.08228 0.991566
threshold=-2.3099999999999996 1.0000000180025095e-35 3.0900000000000003 26.500000000000004 171.50000000000003 25.000000000000004 116.50000000000001
decision_type=2 2 2 2 2 2 2
left_child=2 4 6 -3 -2 -4 -1
right_child=1 3 5 -5 -6 -7 -8
leaf_value=-0.0052996830889264082 -0.0090633155859359167 -0.0051397736556600404 0.052723281752882489 0.21464083346785345 0.28376736440789707 -0.027858020109978582 -0.16516044427953347
leaf_count=93 45 423 182 42 121 307 229
internal_value=0 0.169265 -0.0907259 0.0490851 0.935502 0.00483292 -0.51521
internal_count=1442 631 811 465 166 489 322
shrinkage=0.2


Tree=82
num_leaves=8
num_cat=0
split_feature=9 12 10 7 11 11 6
split_gain=0.769344 1.22219 1.88307 0.981252 1.62131 0.901426 0.898324
threshold=1.5000000000000002 -5.4799999999999995 6.6450000000000005 291.00000000000006 -5.8149999999999986 -1.0000000180025095e-35 2.5000000000000004
decision_type=2 2 2 2 2 2 2
left_child=3 5 -3 6 -5 -2 -1
right_child=1 2 -4 4 -6 -7 -8
leaf_value=-0.051030861286887247 -0.19431120569966845 0.010280842613122697 0.16162783461443817 -0.031166027726483532 0.076531166025962327 0.045816374669687465 -0.24102101901857145
leaf_count=167 21 276 185 511 182 62 38
internal_value=0 0.161932 0.263062 -0.0890284 -0.0132795 -0.477363 -0.464233
internal_count=1442 544 461 898 693 83 205
shrinkage=0.2


Tree=83
num_leaves=8
num_cat=1
split_feature=1 6 11 11 10 12 12
split_gain=0.645835 1.13524 1.00633 0.811444 0.977074 0.614274 0.349881
threshold=0 1.5000000000000002 -2.3099999999999996 8.4850000000000012 -6.2349999999999985 -6.7049999999999992 2.9950000000000006
decision_type=5 2 2 2 2 2 2
left_child=1 5 -3 4 -2 -1 -5
right_child=3 2 -4 6 -6 -7 -8
leaf_value=-0.061748929450890624 -0.15237467947537509 -0.15043226111260491 0.069891302984654652 0.057079749496116473 -0.01367532107595648 0.13553506013832503 0.2388681674053027
leaf_count=24 202 58 50 145 799 140 24
internal_value=0 0.154894 -0.155375 -0.0573856 -0.105045 0.566008 0.477286
internal_count=1442 272 108 1170 1001 164 169
cat_boundaries=0 1
cat_threshold=1744847936
shrinkage=0.2


Tree=84
num_leaves=8
num_cat=0
split_feature=12 5 10 2 10 11 11
split_gain=0.626595 1.20679 1.37801 0.840874 0.821665 1.52543 1.29488
threshold=6.0100000000000007 113.00000000000001 7.7900000000000009 35.000000000000007 15.415000000000001 -6.964999999999999 -17.944999999999997
decision_type=2 2 2 2 2 2 2
left_child=4 3 -3 -2 5 -1 -6
right_child=1 2 -4 -5 6 -7 -8
leaf_value=-0.083513393251572338 0.11735470627791765 -0.14470478401270337 0.22098346130018043 -0.21091490273813265 -0.035389242514539981 0.0057496184112188027 0.11654750899367131
leaf_count=360 89 43 17 25 55 644 209
internal_value=0 0.250181 -0.336772 0.495145 -0.0481363 -0.117945 0.221194
internal_count=1442 174 60 114 1268 1004 264
shrinkage=0.2


Tree=85
num_leaves=8
num_cat=0
split_feature=12 11 10 10 10 11 8
split_gain=0.634781 0.865621 1.81097 0.913096 0.746935 1.12395 0.34806
threshold=-3.4699999999999993 -16.174999999999997 12.670000000000002 17.025000000000002 20.955000000000002 -10.769999999999998 105.50000000000001
decision_type=2 2 2 2 2 2 2
left_child=4 3 -3 -2 5 -1 -6
right_child=1 2 -4 -5 6 -7 -8
leaf_value=-0.23915777782581121 -0.10871101897430356 0.013902400744663843 0.19746817854059701 0.025508264562975388 0.21197206650101294 -0.034640720489181022 0.0091674891415245499
leaf_count=43 174 713 151 49 37 251 24
internal_value=0 0.0621362 0.138523 -0.228026 -0.19969 -0.288239 0.495293
internal_count=1442 1087 864 223 355 294 61
shrinkage=0.2


Tree=86
num_leaves=8
num_cat=0
split_feature=11 10 11 5 3 12 7
split_gain=0.584866 0.635674 0.75594 0.755525 0.104734 0.111314 0.000698928
threshold=17.830000000000002 -7.9999999999999991 8.4850000000000012 67.000000000000014 19.500000000000004 -3.4699999999999993 244.00000000000003
decision_type=2 2 2 2 2 2 2
left_child=1 3 -3 -1 6 -6 -2
right_child=4 2 -4 -5 5 -7 -8
leaf_value=-0.23570663172003253 0.20565364221074281 0.00057363196815215058 0.21091699170854583 -0.027801898242992035 0.20273351474035858 -0.1651737356097267 0.22242763648573818
leaf_count=79 14 1018 138 147 20 12 14
internal_value=0 -0.0126104 0.0186702 -0.421387 0.907358 0.103346 1.09324
internal_count=1442 1382 1156 226 60 32 28
shrinkage=0.2


Tree=87
num_leaves=8
num_cat=0
split_feature=12 3 2 8 11 6 5
split_gain=0.608799 0.859481 1.41731 1.17449 0.654645 0.917033 0.184422
threshold=5.2100000000000009 23.500000000000004 30.500000000000004 128.50000000000003 -20.584999999999997 1.0000000180025095e-35 102.00000000000001
decision_type=2 2 2 2 2 2 2
left_child=1 3 -3 -1 6 -6 -2
right_child=4 2 -4 -5 5 -7 -8
leaf_value=-0.006354019013534053 -0.21426503693802929 0.077791093108416365 -0.047708470403348441 -0.10232606013112222 0.2106766109574732 0.033266838571341086 -0.027671414587591849
leaf_count=554 22 274 126 273 40 137 16
internal_value=0 -0.0546209 0.135291 -0.167508 0.222095 0.300665 -0.618033
internal_count=1442 1227 400 827 215 177 38
shrinkage=0.2


Tree=88
num_leaves=8
num_cat=0
split_feature=12 2 4 9 3 12 4
split_gain=0.572352 1.11677 1.24759 1.09819 1.55999 0.981349 0.341155
threshold=-0.084999999999999992 35.000000000000007 251.00000000000003 2.5000000000000004 24.500000000000004 -3.9599999999999995 162.00000000000003
decision_type=2 2 2 2 2 2 2
left_child=3 2 -2 4 -1 -5 -3
right_child=1 6 -4 5 -6 -7 -8
leaf_value=-0.086554713606543238 -0.0080750806437145783 0.11659325527445306 0.0816474806893316 -0.020249155405124536 0.029782617143746692 0.20179920021411768 -0.20696280364899794
leaf_count=392 435 24 194 57 198 62 80
internal_value=0 0.0988406 0.143258 -0.117136 -0.206572 0.426365 -0.837359
internal_count=1442 733 629 709 590 119 104
shrinkage=0.2


Tree=89
num_leaves=8
num_cat=0
split_feature=11 10 12 2 7 10 2
split_gain=0.576903 1.10263 1.4421 1.38085 1.03159 0.940336 0.916188
threshold=-0.62999999999999989 10.630000000000001 -2.3549999999999995 22.500000000000004 244.00000000000003 -3.6349999999999993 16.500000000000004
decision_type=2 2 2 2 2 2 2
left_child=1 2 -1 -3 6 -6 -2
right_child=4 3 -4 -5 5 -7 -8
leaf_value=-0.1704245888414849 0.038301510643229376 0.19225055622370693 -0.021097631678284913 0.0056996992641270647 -0.00050515733580509803 0.11830627877138067 -0.19024584863246363
leaf_count=105 121 82 483 237 121 256 37
internal_value=0 -0.0672105 -0.21263 0.147621 0.175666 0.317012 -0.363815
internal_count=1442 907 588 319 535 377 158
shrinkage=0.2


Tree=90
num_leaves=8
num_cat=0
split_feature=11 7 10 3 10 12 12
split_gain=0.5537 1.22761 1.8069 1.15312 0.961731 1.31274 1.25316
threshold=-10.769999999999998 412.50000000000006 12.670000000000002 27.500000000000004 6.6450000000000005 -2.3549999999999995 4.0450000000000008
decision_type=2 2 2 2 2 2 2
left_child=1 2 -1 -3 6 -6 -2
right_child=4 3 -4 -5 5 -7 -8
leaf_value=-0.21687848359498785 -0.03517672331548112 0.052009549866564489 -0.0097176107355512395 -0.12603525438796281 0.014106167479668169 0.17496035171164154 0.069876643917889489
leaf_count=138 479 216 67 30 197 193 122
internal_value=0 -0.149321 -0.465874 0.0880697 0.0774117 0.357212 -0.0313073
internal_count=1442 451 205 246 991 390 601
shrinkage=0.2


Tree=91
num_leaves=8
num_cat=0
split_feature=11 10 2 12 7 2 3
split_gain=0.544041 1.02252 1.20903 1.11475 0.789946 1.36616 1.06995
threshold=-5.8149999999999986 -3.6349999999999993 25.000000000000004 -0.40499999999999997 412.50000000000006 20.500000000000004 22.500000000000004
decision_type=2 2 2 2 2 2 2
left_child=4 2 -2 -3 6 -6 -1
right_child=1 3 -4 -5 5 -7 -8
leaf_value=-0.12331955935449844 -0.0086905246170270577 0.014458838601783 -0.25523193108346581 0.12950758606450702 0.24853092966991444 -0.0034696178558965615 -0.0051439144439279771
leaf_count=207 170 337 55 207 17 287 162
internal_value=0 0.112888 -0.207059 0.255293 -0.102057 0.0783727 -0.278778
internal_count=1442 769 225 544 673 304 369
shrinkage=0.2


Tree=92
num_leaves=8
num_cat=1
split_feature=11 3 2 0 3 12 7
split_gain=0.530374 0.57992 0.894032 0.584991 0.0542845 0.0732727 0.000318857
threshold=17.830000000000002 14.500000000000002 20.500000000000004 0 19.500000000000004 -3.4699999999999993 244.00000000000003
decision_type=2 2 2 5 2 2 2
left_child=1 2 -1 -3 6 -6 -2
right_child=4 3 -4 -5 5 -7 -8
leaf_value=-0.0047598665074663933 0.2062143201020267 -0.027316318351580549 -0.23494284354284725 0.014927804458792861 0.2024624279070987 -0.13705871105483317 0.2181678090690792
leaf_count=55 14 240 98 989 20 12 14
internal_value=0 -0.0121388 -0.444081 0.017055 0.937905 0.280289 1.07659
internal_count=1442 1382 153 1229 60 32 28
cat_boundaries=0 1
cat_threshold=134484012
shrinkage=0.2


Tree=93
num_leaves=7
num_cat=0
split_feature=10 11 10 5 8 6
split_gain=0.500072 0.58419 1.01792 0.767289 0.0268686 0.000144367
threshold=26.210000000000004 -11.924999999999999 15.415000000000001 97.000000000000014 116.50000000000001 1.0000000180025095e-35
decision_type=2 2 2 2 2 2
left_child=1 3 -3 -1 5 -2
right_child=4 2 -4 -5 -6 -7
leaf_value=-0.10444805358973695 0.20413090948158885 0.0030803154268039968 0.16276630112158824 -0.0028566537307833048 0.12059632770596439 0.2128725109592943
leaf_count=195 20 873 140 186 13 15
internal_value=0 -0.0148049 0.0565361 -0.194058 0.904768 1.05337
internal_count=1442 1394 1013 381 48 35
shrinkage=0.2


Tree=94
num_leaves=7
num_cat=0
split_feature=12 7 11 10 10 11
split_gain=0.545719 0.831213 0.660818 1.5651 0.864586 0.645951
threshold=-8.7899999999999974 312.50000000000006 -0.62999999999999989 2.0650000000000004 5.3750000000000009 8.4850000000000012
decision_type=2 2 2 2 2 2
left_child=1 5 4 -4 -2 -1
right_child=2 -3 3 -5 -6 -7
leaf_value=-0.25472523543492165 -0.053576495814959713 0.018289096314121234 0.014433362337890839 0.21779874913498964 0.015416671562313595 0.067620921146834753
leaf_count=24 422 23 255 244 456 18
internal_value=0 -0.404678 0.0274311 0.236447 -0.0464735 -0.938759
internal_count=1442 65 1377 499 878 42
shrinkage=0.2


Tree=95
num_leaves=8
num_cat=0
split_feature=12 5 3 3 11 10 3
split_gain=0.574431 0.997742 1.21852 1.09297 0.698508 1.86691 1.06765
threshold=2.9950000000000006 76.500000000000014 26.500000000000004 18.500000000000004 -5.8149999999999986 11.470000000000001 23.500000000000004
decision_type=2 2 2 2 2 2 2
left_child=4 3 -3 -2 5 -1 -6
right_child=1 2 -4 -5 6 -7 -8
leaf_value=-0.14142788617879007 0.048821626851722401 0.084325311874914363 -0.16920109686460486 -0.16125649838832445 -0.01865485886270633 0.0067973268860559797 0.096742024583950578
leaf_count=245 81 264 17 36 447 185 167
internal_value=0 0.162435 0.322972 -0.265244 -0.0787961 -0.236767 0.0648713
internal_count=1442 398 281 117 1044 430 614
shrinkage=0.2


Tree=96
num_leaves=8
num_cat=0
split_feature=12 5 2 7 8 9 3
split_gain=0.584626 0.619324 0.544566 0.970004 0.515326 0.494478 0.0313112
threshold=-5.4799999999999995 217.00000000000003 30.500000000000004 291.00000000000006 102.50000000000001 1.5000000000000002 27.500000000000004
decision_type=2 2 2 2 2 2 2
left_child=2 5 3 -1 -4 -2 -3
right_child=1 6 4 -5 -6 -7 -8
leaf_value=-0.11843772328517654 -0.011205470240757718 0.22361450806588015 -0.032398964772390924 0.064696289774867993 -0.24524053928297992 0.036840020153594916 0.097547031170620288
leaf_count=90 756 37 17 63 26 441 12
internal_value=0 0.0455078 -0.279131 -0.0973906 -0.740677 0.0289404 1.02625
internal_count=1442 1246 196 153 43 1197 49
shrinkage=0.2


Tree=97
num_leaves=8
num_cat=0
split_feature=12 10 11 11 2 10 3
split_gain=0.449149 0.669319 1.59823 1.1092 0.586302 0.593361 0.311445
threshold=-2.3549999999999995 3.0900000000000003 -5.8149999999999986 -2.3099999999999996 15.000000000000002 20.955000000000002 16.500000000000004
decision_type=2 2 2 2 2 2 2
left_child=4 3 -3 -2 6 -6 -1
right_child=1 2 -4 -5 5 -7 -8
leaf_value=-0.0099403572092178968 -0.092809829636791588 0.015742377613402865 0.19958459591727173 0.022848438518551131 -0.061275232568814342 0.091060391163165499 0.21595890593455003
leaf_count=15 278 308 176 234 280 47 104
internal_value=0 0.0606363 0.189542 -0.101526 -0.164563 -0.229379 0.574297
internal_count=1442 996 484 512 446 327 119
shrinkage=0.2


Tree=98
num_leaves=7
num_cat=1
split_feature=1 2 6 12 10 5
split_gain=0.455368 0.84783 0.771777 0.555139 0.630891 0.000517017
threshold=0 35.000000000000007 1.5000000000000002 11.280000000000003 0.73000000000000009 97.000000000000014
decision_type=5 2 2 2 2 2
left_child=1 2 -1 4 -2 -3
right_child=3 5 -4 -5 -6 -7
leaf_value=0.12340308558064844 -0.059529210048231113 -0.22055735167820356 -0.018226596862324747 0.10421524389213661 -0.00080467545988026704 -0.20631011508534813
leaf_count=162 445 18 79 23 703 12
internal_value=0 0.136333 0.396387 -0.0528143 -0.0936369 -1.07222
internal_count=1442 271 241 1171 1148 30
cat_boundaries=0 1
cat_threshold=1610630464
shrinkage=0.2


Tree=99
num_leaves=8
num_cat=0
split_feature=11 10 8 12 3 12 2
split_gain=0.483353 0.933436 0.966723 0.902627 1.69967 0.90101 0.797273
threshold=2.6000000000000005 -3.6349999999999993 102.50000000000001 -0.084999999999999992 23.500000000000004 3.7650000000000001 35.000000000000007
decision_type=2 2 2 2 2 2 2
left_child=3 5 -3 4 -1 -2 -5
right_child=1 2 -4 6 -6 -7 -8
leaf_value=-0.12384386989721329 -0.073414844680681088 0.0084387298226156256 0.21805937811085921 0.025983116684180848 0.011721093670523397 0.13137130414898973 -0.16632908254491302
leaf_count=239 94 192 92 485 210 27 103
internal_value=0 0.223518 0.604526 -0.0504976 -0.236023 -0.0877422 0.0871508
internal_count=1442 405 284 1037 449 121 588
shrinkage=0.2


Tree=100
num_leaves=8
num_cat=1
split_feature=11 3 2 1 3 12 11
split_gain=0.483737 0.454813 0.672965 0.490349 0.0451353 0.0527419 0.000213611
threshold=17.830000000000002 14.500000000000002 20.500000000000004 0 19.500000000000004 -3.4699999999999993 21.425000000000001
decision_type=2 2 2 5 2 2 2
left_child=1 2 -1 -3 6 -6 -2
right_child=4 3 -4 -5 5 -7 -8
leaf_value=-0.010655686813854197 0.21704964976783919 -0.026166632631339296 -0.22719525108455554 0.013689102905533683 0.20177931260880977 -0.12891895155995448 0.20729578608207705
leaf_count=55 13 234 98 995 20 12 15
internal_value=0 -0.0123552 -0.420805 0.0141067 0.950533 0.246276 1.07185
internal_count=1442 1382 153 1229 60 32 28
cat_boundaries=0 1
cat_threshold=134909956
shrinkage=0.2


Tree=101
num_leaves=8
num_cat=0
split_feature=11 10 12 8 4 12 8
split_gain=0.432724 0.800382 0.500986 0.355104 0.433795 0.262612 0.0568839
threshold=6.1800000000000006 -7.9999999999999991 2.9950000000000006 81.500000000000014 190.00000000000003 2.9950000000000006 128.50000000000003
decision_type=2 2 2 2 2 2 2
left_child=1 6 -3 4 -2 -5 -1
right_child=3 2 -4 5 -6 -7 -8
leaf_value=-0.21467082930381026 0.13208228692655208 -0.017907351589888432 0.031890022659229342 0.069298886549449032 -0.11244197005723429 0.21715597177327597 -0.1109603380508478
leaf_count=86 47 702 266 120 91 24 106
internal_value=0 -0.0350724 -0.0115299 0.31992 -0.115442 0.536307 -0.91663
internal_count=1442 1160 968 282 138 144 192
shrinkage=0.2


Tree=102
num_leaves=8
num_cat=0
split_feature=11 10 12 11 10 12 7
split_gain=0.423055 0.832725 1.72869 1.15872 0.7494 0.917459 0.801194
threshold=-11.924999999999999 0.73000000000000009 1.0900000000000003 -2.3099999999999996 12.670000000000002 -5.4799999999999995 420.00000000000006
decision_type=2 2 2 2 2 2 2
left_child=4 3 -3 -2 6 -6 -1
right_child=1 2 -4 -5 5 -7 -8
leaf_value=-0.22206134233638364 -0.14701105915728793 0.0037224289018908587 0.14800625337521661 0.004643674006482558 -0.16842665295439607 0.036586028003819555 -0.042592453417379932
leaf_count=122 142 467 156 277 15 118 145
internal_value=0 0.0628443 0.200387 -0.143161 -0.156374 0.0447713 -0.452819
internal_count=1442 1042 623 419 400 133 267
shrinkage=0.2


end of trees

feature importances:
OffenseEP=159
DefenseEP=138
Sp_TmsEP=131
Opp=44
OFFRushY=42
DEFTotYd=34
DEFRushY=34
OFF1stD=32
TODEF=27
OFFPassY=25
TOOFF=20
Opp_Name=7
Team=2

parameters:
[boosting: gbdt]
[objective: binary]
[metric: binary_logloss,binary]
[tree_learner: serial]
[device_type: cpu]
[data: ]
[valid: ]
[num_iterations: 100]
[learning_rate: 0.2]
[num_leaves: 12]
[num_threads: -1]
[max_depth: 3]
[min_data_in_leaf: 12]
[min_sum_hessian_in_leaf: 0.001]
[bagging_fraction: 1]
[bagging_freq: 0]
[bagging_seed: 28693]
[feature_fraction: 1]
[feature_fraction_seed: 24449]
[early_stopping_round: 0]
[max_delta_step: 0]
[lambda_l1: 0]
[lambda_l2: 0]
[min_gain_to_split: 0]
[drop_rate: 0.1]
[max_drop: 50]
[skip_drop: 0.5]
[xgboost_dart_mode: 0]
[uniform_drop: 0]
[drop_seed: 12255]
[top_rate: 0.2]
[other_rate: 0.1]
[min_data_per_group: 100]
[max_cat_threshold: 32]
[cat_l2: 10]
[cat_smooth: 10]
[max_cat_to_onehot: 4]
[top_k: 20]
[monotone_constraints: ]
[feature_contri: ]
[forcedsplits_filename: ]
[refit_decay_rate: 0.9]
[verbosity: -1]
[max_bin: 255]
[min_data_in_bin: 3]
[bin_construct_sample_cnt: 75]
[histogram_pool_size: -1]
[data_random_seed: 54]
[output_model: LightGBM_model.txt]
[snapshot_freq: -1]
[input_model: ]
[output_result: LightGBM_predict_result.txt]
[initscore_filename: ]
[valid_data_initscores: ]
[pre_partition: 0]
[enable_bundle: 1]
[max_conflict_rate: 0]
[is_enable_sparse: 1]
[sparse_threshold: 0.8]
[use_missing: 1]
[zero_as_missing: 0]
[two_round: 0]
[save_binary: 0]
[enable_load_from_binary_file: 1]
[header: 0]
[label_column: ]
[weight_column: ]
[group_column: ]
[ignore_column: ]
[categorical_feature: ]
[predict_raw_score: 0]
[predict_leaf_index: 0]
[predict_contrib: 0]
[num_iteration_predict: -1]
[pred_early_stop: 0]
[pred_early_stop_freq: 10]
[pred_early_stop_margin: 10]
[convert_model_language: ]
[convert_model: gbdt_prediction.cpp]
[num_class: 1]
[is_unbalance: 0]
[scale_pos_weight: 1]
[sigmoid: 1]
[boost_from_average: 1]
[reg_sqrt: 0]
[alpha: 0.9]
[fair_c: 1]
[poisson_max_delta_step: 0.7]
[tweedie_variance_power: 1.5]
[max_position: 20]
[label_gain: ]
[metric_freq: 1]
[is_provide_training_metric: 0]
[eval_at: ]
[num_machines: 1]
[local_listen_port: 12400]
[time_out: 120]
[machine_list_filename: ]
[machines: ]
[gpu_platform_id: -1]
[gpu_device_id: -1]
[gpu_use_dp: 0]

end of parameters

pandas_categorical:[["atl", "buf", "car", "chi", "cin", "cle", "clt", "crd", "dal", "den", "det", "gnb", "htx", "jax", "kan", "mia", "min", "nor", "nwe", "nyg", "nyj", "oti", "phi", "pit", "rai", "ram", "rav", "sdg", "sea", "sfo", "tam", "was"], ["Arizona Cardinals", "Atlanta Falcons", "Baltimore Ravens", "Buffalo Bills", "Carolina Panthers", "Chicago Bears", "Cincinnati Bengals", "Cleveland Browns", "Dallas Cowboys", "Denver Broncos", "Detroit Lions", "Green Bay Packers", "Houston Texans", "Indianapolis Colts", "Jacksonville Jaguars", "Kansas City Chiefs", "Las Vegas Raiders", "Los Angeles Chargers", "Los Angeles Rams", "Miami Dolphins", "Minnesota Vikings", "New England Patriots", "New Orleans Saints", "New York Giants", "New York Jets", "Oakland Raiders", "Philadelphia Eagles", "Pittsburgh Steelers", "San Francisco 49ers", "Seattle Seahawks", "Tampa Bay Buccaneers", "Tennessee Titans", "Washington Football Team", "Washington Redskins"]]
